90.312334
76.588910
77.302185
65.388264
68.391884
60.675396
58.036092
59.130767
52.065263
37.034588
36.612542
36.833421
34.520611
35.165054
35.265465
35.623354
37.398621
32.566089
38.492857
36.712093
46.624498
44.003752
45.529752
48.337556
52.376626
55.988340
53.972425
59.082163
61.643503
65.355562
63.599063
62.441779
60.272148
60.754590
60.503348
58.850955
60.593146
60.916480
60.074199
60.700551
61.141500
63.027088
63.555073
62.332748
62.253656
62.680899
65.018165
65.591452
65.484109
66.362451
67.952648
66.597673
66.605370
67.145154
68.842595
67.738662
68.225560
68.341582
66.459858
66.494329
64.786190
60.704559
51.475819
52.575005
50.399519
51.343845
52.160265
47.322739
47.607154
46.601139
45.957661
45.433907
46.484630
44.096186
46.116236
43.773283
45.492701
43.210035
43.774690
43.769194
41.067959
43.330839
41.860167
40.250336
41.695729
41.428976
39.027008
37.479410
36.646186
34.954571
34.603980
31.833906
32.310718
33.545256
33.267473
34.406398
34.754694
33.866986
33.283406
33.306650
34.928049
32.875925
32.298104
32.253512
31.284225
32.522089
31.560371
32.577839
32.052050
31.064069
32.479418
32.498461
33.556203
32.532922
27.829685
26.853303
27.351238
28.057824
27.258885
28.451992
598.619245
596.638081
597.478033
597.181714
597.478033
595.255407
592.490506
592.490506
591.409334
590.267736
590.810460
590.267736
590.267736
588.588141
589.132413
589.427689
588.885388
588.588141
587.749096
588.344287
587.749096
584.439903
326.167135
584.982906
584.688806
582.467166
583.305237
583.013722
581.890024
578.284532
578.553368
576.334104
574.669470
571.346655
572.734668
572.734668
571.905587
566.643627
560.040177
560.863620
558.716386
553.473577
554.048734
551.020871
551.598586
552.177508
546.600402
549.506142
545.902922
542.884887
543.695687
540.456289
539.648033
535.407322
532.403043
531.806356
527.603070
526.008555
526.613710
526.613710
526.613710
523.436720
521.061417
521.852470
520.884824
